166.48086692686473 150.63858114655443
-177.36127020951295 -53.70132327717069
-42.0787143919151 -65.54026416697165
104.73630088955946 -28.015188254039913
-117.44014516539161 -92.3403034658424
98.51730290376497 -6.245808100441991
-9.123758436552208 -168.10452048962068
118.1022028637143 -2.6572650244743556
-169.17851044816294 -95.38812256810107
-74.02203058240889 73.60604227605558
12.01284836959502 65.87315082126369
107.01568482125873 142.87843688784426
-69.90798574282942 -139.59160249186903
-113.10481392959944 -55.79550560501491
96.2282342346432 51.073018050076655
114.31304951497248 -132.92882886033559
90.84980409556795 -39.407394532059385
-83.92339046535696 -95.44208926604144
-143.96151799050224 -9.630043806315598
65.16350540171445 -100.63914109568213
-142.37654208706203 48.29959394083647
-25.94758620392605 -102.06336038156748
-54.13734352590019 111.9486193954321
-40.89222165190398 -56.94988624222486
-117.29907713805065 179.12649971998763
-103.47277707872281 61.29958987607313
3.9461499768859483 134.78051554438616
-113.66251979469658 -60.26796345548266
-133.69403029040893 111.31784991072743
98.15091434733472 -45.5501015799411
-47.92073472057919 178.8690629919489
150.87135862929455 14.150213221126137
-71.60188728741778 72.67198364904183
-141.73548301784356 -87.17424839727886
143.26759952943178 106.66902181533749
73.28487572878365 68.39700132942417
-132.74763032475624 -164.42503873445116
86.27741365183084 137.83279803128863
-102.48974717964285 132.0864412708716
-104.35081640914964 84.35657833020394
-150.02491788024537 61.56820781461809
-85.66779102383003 68.6242431914362
175.84222409496067 -136.53448145123036
-138.66412815305807 123.29869529229899
50.11193100913121 -113.14398951664572
-45.08660021083335 -50.76497666273164
32.79723511005409 -123.0316316846773
-7.656340064742153 -178.47024867488693
77.50459594061738 -69.84070885632026
-48.943868598525285 114.97614631122894
-22.552818394868723 -73.24571677343387
-143.19671684153846 151.0070759229725
-144.4479113563264 -165.6782130267153
-123.18864347036458 91.99561552803073
-96.82550201049209 -131.63557679148926
-130.68304827719774 -136.17704317464495
91.03322747571605 63.07488606509531
-44.37645660349983 53.912048925976734
-143.66624460982345 101.71839298864899
-3.211590765755801 9.464490998201512
-148.35365992381878 124.36745748112077
-165.72275821905393 69.42735815779682
123.95851383627854 -129.8711317028547
112.40004762174647 123.75557371701456
16.422486528483375 -118.33312829164055
120.068752763068 -135.17538676458423
90.67002468993087 121.74053978558607
-149.60678506613812 18.387288429372944
-145.83149791504843 -95.36257509119838
-141.1408346546096 115.25748740507561
84.94367267106816 89.7996075013425
-135.69200136478898 -50.05712441509354
-4.9039206153302075 140.6024567985234
-178.33505599452522 -111.26262203707054
84.88971335290188 -121.83987553028031
1.3387415484053236 -42.67634691907111
-49.20691538684383 -121.80353593919219
-42.55758112663548 76.7245951053203
43.70431081064572 -171.56662337560667
75.46149528391567 -33.51798981461522
27.693501877389963 -95.38663229995458
-20.277693737147104 55.229786943505616
-155.05267330604346 135.18658959167976
11.989767545191597 -168.63221946991732
-70.79797409846294 -72.14283081387481
-95.24934851684911 110.3318237978736
-132.1970621746162 -54.402794104470345
-173.78536327671276 9.994263557365969
111.62985556721418 -94.59858602965731
-31.20768102226714 -67.98148893291255
-7.52049054460403 -50.031022508761595
-11.214294496713109 64.53014905122268
169.09760379749093 -29.336482485468196
162.25335466171015 130.25624918105177
5.904755678722779 -40.48388012302797
-59.51105724309592 -175.67649047016613
132.56189508393288 -141.29973219170424
68.27841792415447 137.19497506442156
137.87269192664428 -22.17821926227046
169.07777010856057 -139.23579099212242
